18
1 1 11 253
2 1 3 204
3 2 3 97
4 2 8 176
5 2 11 211
6 3 10 142
7 4 5 102
8 4 7 122
9 4 12 104
10 5 9 94
11 5 11 117
12 6 9 156
13 6 11 199
14 7 11 309
15 7 12 131
16 8 10 70
17 8 12 159
18 1 6 108

66
1 1 2 27
4
2 1 5
2 2 3
3 18 13 5
4 2 6 16 4

2 1 3 14
3
1 2
3 1 5 3
4 18 13 5 3

3 1 4 17
6
3 1 14 8
3 1 11 7
4 18 12 10 7
4 18 13 14 8
4 18 13 11 7
4 1 14 15 9

4 1 5 30
6
2 1 11
3 18 12 10
3 18 13 11
4 1 13 12 10
4 1 14 8 7
4 2 3 5 11

5 1 6 15
4
1 18
2 1 13
4 1 11 10 12
4 2 3 5 13

6 1 7 30
4
2 1 14
3 18 13 14
4 1 11 7 8
4 2 3 5 14

7 1 8 19
5
3 1 5 4
3 2 3 4
3 2 6 16
4 18 13 5 4
4 1 14 15 17

8 1 9 15
4
2 18 12
3 1 13 12
3 1 11 10
4 18 13 11 10

9 1 10 11
4
2 2 6
4 1 5 3 6
4 1 5 4 16
4 2 3 4 16

10 1 11 11
4
1 1
2 18 13
3 2 3 5
4 18 12 10 11

11 1 12 18
7
3 1 14 15
4 18 13 14 15
4 1 5 4 17
4 1 14 8 9
4 1 11 7 9
4 2 3 4 17
4 2 6 16 17

12 2 3 24
4
1 3
3 5 1 2
3 4 16 6
4 5 13 18 2

13 2 4 21
5
3 5 14 8
3 5 11 7
3 4 17 9
4 5 14 15 9
4 4 17 15 8

14 2 5 14
5
2 5 11
4 5 13 12 10
4 5 14 8 7
4 3 2 1 11
4 4 17 9 7

15 2 6 16
5
2 5 13
3 5 1 18
3 3 2 18
4 5 11 10 12
4 3 2 1 13

16 2 7 11
5
2 5 14
3 4 17 15
4 5 11 7 8
4 3 2 1 14
4 4 17 9 8

17 2 8 19
3
1 4
3 3 6 16
4 5 14 15 17

18 2 9 12
4
3 5 13 12
3 5 11 10
4 5 1 18 12
4 3 2 18 12

19 2 10 26
3
2 3 6
2 4 16
4 5 1 2 6

20 2 11 18
4
1 5
3 3 2 1
4 3 2 18 13
4 4 17 15 14

21 2 12 18
5
2 4 17
3 5 14 15
4 5 14 8 9
4 5 11 7 9
4 3 6 16 17

22 3 4 20
6
4 2 1 14 8
4 2 1 11 7
4 3 5 14 8
4 3 5 11 7
4 3 4 17 9
4 6 16 17 9

23 3 5 15
4
3 2 1 11
3 3 5 11
4 2 18 12 10
4 2 18 13 11

24 3 6 15
4
2 2 18
3 2 1 13
3 3 5 13
4 3 5 1 18

25 3 7 18
5
3 2 1 14
3 3 5 14
4 2 18 13 14
4 3 4 17 15
4 6 16 17 15

26 3 8 23
3
2 3 4
2 6 16
4 2 1 5 4

27 3 9 17
5
3 2 18 12
4 2 1 13 12
4 2 1 11 10
4 3 5 13 12
4 3 5 11 10

28 3 10 22
2
1 6
3 3 4 16

29 3 11 11
4
2 2 1
2 3 5
3 2 18 13
4 6 16 4 5

30 3 12 24
4
3 3 4 17
3 6 16 17
4 2 1 14 15
4 3 5 14 15

31 4 5 26
3
1 7
3 8 14 11
4 9 15 14 11

32 4 6 13
6
3 8 14 13
3 7 10 12
3 7 11 13
4 8 14 1 18
4 7 11 1 18
4 9 15 14 13

33 4 7 23
3
1 8
2 9 15
3 7 11 14

34 4 8 21
4
2 9 17
3 8 15 17
4 8 14 5 4
4 7 11 5 4

35 4 9 29
4
2 7 10
4 8 14 13 12
4 8 14 11 10
4 7 11 13 12

36 4 10 11
2
3 9 17 16
4 8 15 17 16

37 4 11 28
5
2 8 14
2 7 11
3 9 15 14
4 7 10 12 13
4 9 17 4 5

38 4 12 25
3
1 9
2 8 15
4 7 11 14 15

39 5 6 13
4
2 10 12
2 11 13
3 11 1 18
4 7 8 14 13

40 5 7 12
4
2 11 14
2 7 8
3 7 9 15
4 10 12 13 14

41 5 8 10
4
3 11 5 4
3 7 9 17
4 11 14 15 17
4 7 8 15 17

42 5 9 25
3
1 10
3 11 13 12
4 11 1 18 12

43 5 10 16
4
4 11 1 2 6
4 11 5 3 6
4 11 5 4 16
4 7 9 17 16

44 5 11 20
5
1 11
3 10 12 13
3 7 8 14
4 10 12 18 1
4 7 9 15 14

45 5 12 20
5
2 7 9
3 11 14 15
3 7 8 15
4 11 5 4 17
4 11 14 8 9

46 6 7 25
5
2 13 14
3 18 1 14
4 12 10 11 14
4 12 10 7 8
4 13 11 7 8

47 6 8 25
5
3 13 5 4
4 18 1 5 4
4 18 2 3 4
4 18 2 6 16
4 13 14 15 17

48 6 9 20
3
1 12
3 13 11 10
4 18 1 11 10

49 6 10 22
4
3 18 2 6
4 13 1 2 6
4 13 5 3 6
4 13 5 4 16

50 6 11 29
4
1 13
2 18 1
3 12 10 11
4 18 2 3 5

51 6 12 24
6
3 13 14 15
4 12 10 7 9
4 18 1 14 15
4 13 5 4 17
4 13 14 8 9
4 13 11 7 9

52 7 8 17
3
2 15 17
3 14 5 4
3 8 9 17

53 7 9 21
5
3 14 13 12
3 14 11 10
3 8 7 10
4 14 1 18 12
4 15 9 7 10

54 7 10 29
5
3 15 17 16
4 14 1 2 6
4 14 5 3 6
4 14 5 4 16
4 8 9 17 16

55 7 11 28
4
1 14
3 8 7 11
4 15 9 7 11
4 15 17 4 5

56 7 12 20
4
1 15
2 8 9
4 14 5 4 17
4 14 11 7 9

57 8 9 15
3
4 4 5 13 12
4 4 5 11 10
4 17 9 7 10

58 8 10 13
2
1 16
3 4 3 6

59 8 11 23
7
2 4 5
3 17 15 14
4 4 3 2 1
4 17 9 8 14
4 17 9 7 11
4 16 6 2 1
4 16 6 3 5

60 8 12 22
2
1 17
4 4 5 14 15

61 9 10 24
1
4 12 18 2 6

62 9 11 19
4
2 12 13
2 10 11
3 12 18 1
4 10 7 8 14

63 9 12 27
4
3 10 7 9
4 12 13 14 15
4 10 11 14 15
4 10 7 8 15

64 10 11 21
5
3 6 2 1
3 6 3 5
3 16 4 5
4 6 2 18 13
4 16 17 15 14

65 10 12 17
2
2 16 17
4 6 3 4 17

66 11 12 23
5
2 14 15
3 5 4 17
3 14 8 9
3 11 7 9
4 11 7 8 15

